#++++++++++++++++++++++++++++++++++++++++++++++++++++++++++++++++++++++++++++++++++++++++++++++++++++++++++++++++++++
#
#   IPW-3 Ice Shape DATA SUBMITTAL FORM for Test Case NACA0012_AE3932, May 18th 2026
#
#       NOMENCLATURE:
#             X_ICED [inch]:  X-coordinate of the iced surface
#             Y_ICED [inch]:  Y-coordinate of the iced surface
#             Z_ICED [inch]:  Z-coordinate of the iced surface
#
#                XXmm:  Roughness height used for the case, in mm.
#                       In the zone name, use the format KS_XXmm.
#                       For example, if k_s = 1.5 mm, use KS_1p5mm. 
#                       For Variable roughness, use KS_VAR
#
#    FLOW CONDITIONS:
#                                   AOA: 4.0 deg
#                           Mach Number: 0.3151 [-]
#       Mean aerodynamic chord (M.A.C.): 0.5334 [m]
#                       Reynolds Number: 3.9795 million (based on MAC)
#                       Freestream Temp: 267.55 [K]
#                        Reference area: 0.97548 [m2]
#               Moment Reference Center: 0.13335, 0, 0 [m] (X, Y, Z)
#
#    ICING CONDITIONS:
#                           Icing Time: 420 [s]
#                                  LWC: 0.55 [g/m3]
#                                  MVD: 20 [μm]
#
#              NOTES: 1. Please use at least 5 decimal places in the numerical values
#                     2. If data are NOT provided, please fill data fields with a numerical value of "-999" 
#
#++++++++++++++++++++++++++++++++++++++++++++++++++++++++++++++++++++++++++++++++++++++++++++++++++++++++++++++++++++

AUXDATA NUM_LAYERS  = "1"
                                              
VARIABLES = "X_ICED" "Y_ICED" "Z_ICED"

ZONE T="SLICE_Y_0p9144_BINS15_KS_VAR_FINAL_LAYER"

15.72530451	36.00001944	-0.062440198
15.62531838	36.00001944	-0.044977353
15.62531457	36.00001944	-0.044976687
15.52531699	36.00001944	-0.02757427
15.52531318	36.00001944	-0.027573606
15.42530511	36.00001944	-0.010235076
15.4253013	36.00001944	-0.010234415
15.42529748	36.00001944	-0.010233756
15.32527702	36.00001944	0.007037288
15.32527321	36.00001944	0.007037945
15.22524321	36.00001944	0.024249032
15.12520081	36.00001944	0.041390987
15.125197	36.00001944	0.041391641
15.02514411	36.00001944	0.058469454
15.02514029	36.00001944	0.058470106
14.92507692	36.00001944	0.07548673
14.9250731	36.00001944	0.075487379
14.82499733	36.00001944	0.092430621
14.82499351	36.00001944	0.092431267
14.72490629	36.00001944	0.109311867
14.72490248	36.00001944	0.109312511
14.62480572	36.00001944	0.126130723
14.6248019	36.00001944	0.126131364
14.5246918	36.00001944	0.142874469
14.52468798	36.00001944	0.142875108
14.52468416	36.00001944	0.142875744
14.42456357	36.00001944	0.159555223
14.42455975	36.00001944	0.159555857
14.32442962	36.00001944	0.176171353
14.22428614	36.00001944	0.192711154
14.22428232	36.00001944	0.192711785
14.12412739	36.00001944	0.209185323
14.12412357	36.00001944	0.209185952
14.02395816	36.00001944	0.225595045
14.02395434	36.00001944	0.225595671
14.02395051	36.00001944	0.225596294
13.92377365	36.00001944	0.241931018
13.92376983	36.00001944	0.241931638
13.82358153	36.00001944	0.258197238
13.72338083	36.00001944	0.274389364
13.72337701	36.00001944	0.274389981
13.62316582	36.00001944	0.290512431
13.623162	36.00001944	0.290513047
13.62315817	36.00001944	0.290513659
13.52293459	36.00001944	0.306562172
13.52293076	36.00001944	0.306562781
13.42269573	36.00001944	0.322539235
13.32244926	36.00001944	0.338441365
13.32244543	36.00001944	0.338441972
13.22218656	36.00001944	0.354269539
13.22218274	36.00001944	0.354270143
13.12191242	36.00001944	0.370023177
13.1219086	36.00001944	0.370023778
13.02162684	36.00001944	0.385699777
13.02162301	36.00001944	0.385700375
12.92132886	36.00001944	0.401300827
12.92132503	36.00001944	0.401301422
12.92132121	36.00001944	0.401302014
12.82101465	36.00001944	0.416823314
12.72069665	36.00001944	0.432267698
12.72069283	36.00001944	0.432268287
12.720689	36.00001944	0.432268873
12.62035765	36.00001944	0.447631958
12.52001486	36.00001944	0.462916816
12.52001103	36.00001944	0.462917399
12.41965584	36.00001944	0.478118724
12.41965202	36.00001944	0.478119304
12.41964819	36.00001944	0.478119881
12.3192806	36.00001944	0.493241427
12.21890062	36.00001944	0.508277415
12.21889679	36.00001944	0.508277989
12.21889296	36.00001944	0.508278559
12.11850058	36.00001944	0.523232266
12.01809485	36.00001944	0.538098893
12.01809102	36.00001944	0.53809946
11.91767289	36.00001944	0.552881214
11.91766906	36.00001944	0.552881778
11.91766522	36.00001944	0.552882338
11.81723374	36.00001944	0.567575225
11.81722991	36.00001944	0.567575782
11.71678604	36.00001944	0.582181112
11.61632976	36.00001944	0.596696086
11.61632593	36.00001944	0.596696639
11.51585535	36.00001944	0.6111206
11.51585152	36.00001944	0.61112115
11.41536854	36.00001944	0.625453204
11.41536471	36.00001944	0.62545375
11.31486838	36.00001944	0.639691274
11.31486455	36.00001944	0.639691817
11.21435391	36.00001944	0.653835825
11.21435008	36.00001944	0.653836365
11.11382705	36.00001944	0.667882446
11.11382322	36.00001944	0.667882982
11.11381938	36.00001944	0.667883514
11.01328205	36.00001944	0.681834589
11.01327821	36.00001944	0.681835117
10.91272753	36.00001944	0.695683795
10.81216349	36.00001944	0.709435321
10.81215965	36.00001944	0.709435846
10.71158036	36.00001944	0.723081995
10.71157652	36.00001944	0.723082516
10.61098483	36.00001944	0.736627877
10.610981	36.00001944	0.736628394
10.61097716	36.00001944	0.736628906
10.51037021	36.00001944	0.750067341
10.40974991	36.00001944	0.763400577
10.40974607	36.00001944	0.763401086
10.30911051	36.00001944	0.776625429
10.30910667	36.00001944	0.776625933
10.20845776	36.00001944	0.789740131
10.20845392	36.00001944	0.789740631
10.10778975	36.00001944	0.80274379
10.10778591	36.00001944	0.802744286
10.00710744	36.00001944	0.815632531
10.0071036	36.00001944	0.815633022
9.906410825	36.00001944	0.82840844
9.906406984	36.00001944	0.828408927
9.906403142	36.00001944	0.82840941
9.805695107	36.00001944	0.841064669
9.805691264	36.00001944	0.841065147
9.704967971	36.00001944	0.853605195
9.604230373	36.00001944	0.866019899
9.60422653	36.00001944	0.866020372
9.503473674	36.00001944	0.878316348
9.503469831	36.00001944	0.878316817
9.402701716	36.00001944	0.890483515
9.402697872	36.00001944	0.890483979
9.3019145	36.00001944	0.90252742
9.301910655	36.00001944	0.902527879
9.201112024	36.00001944	0.914438943
9.201108179	36.00001944	0.914439397
9.10029429	36.00001944	0.926222077
9.100290444	36.00001944	0.926222527
8.999460343	36.00001944	0.937868955
8.999456497	36.00001944	0.9378694
8.99945265	36.00001944	0.937869839
8.898607291	36.00001944	0.949382699
8.797746674	36.00001944	0.960754956
8.797742826	36.00001944	0.96075539
8.797738978	36.00001944	0.960755819
8.696862149	36.00001944	0.971989441
8.595969108	36.00001944	0.98307817
8.595965259	36.00001944	0.983078593
8.49505696	36.00001944	0.994023681
8.49505311	36.00001944	0.994024098
8.49504926	36.00001944	0.99402451
8.394124749	36.00001944	1.004819101
8.29318498	36.00001944	1.01546564
8.293181129	36.00001944	1.015466046
8.293177278	36.00001944	1.015466446
8.192220343	36.00001944	1.025955754
8.09124815	36.00001944	1.036292599
8.091244298	36.00001944	1.036292993
7.99025494	36.00001944	1.046466051
7.990251087	36.00001944	1.046466439
7.990247234	36.00001944	1.046466821
7.889242618	36.00001944	1.056483243
7.788221312	36.00001944	1.066328487
7.788217459	36.00001944	1.066328863
7.687179941	36.00001944	1.076010201
7.687176087	36.00001944	1.07601057
7.586121881	36.00001944	1.08551763
7.586118026	36.00001944	1.085517993
7.485048085	36.00001944	1.09485161
7.48504423	36.00001944	1.094851966
7.3839576	36.00001944	1.104008087
7.383953744	36.00001944	1.104008436
7.282851379	36.00001944	1.112981221
7.282847522	36.00001944	1.112981563
7.282843665	36.00001944	1.112981898
7.181724612	36.00001944	1.121773968
7.181720754	36.00001944	1.121774296
7.080585488	36.00001944	1.130371943
6.979434011	36.00001944	1.138780292
6.979430153	36.00001944	1.138780613
6.878262941	36.00001944	1.146993705
6.878259081	36.00001944	1.146994018
6.777075658	36.00001944	1.15500327
6.777071798	36.00001944	1.155003575
6.675872162	36.00001944	1.16281304
6.675868301	36.00001944	1.162813338
6.67586444	36.00001944	1.162813628
6.57464907	36.00001944	1.170412696
6.473417964	36.00001944	1.177797672
6.473414102	36.00001944	1.177797954
6.47341024	36.00001944	1.177798227
6.372163876	36.00001944	1.184968873
6.270901777	36.00001944	1.191917202
6.270897914	36.00001944	1.191917467
6.27089405	36.00001944	1.191917723
6.169616216	36.00001944	1.198636464
6.169612352	36.00001944	1.198636711
6.068320213	36.00001944	1.205127652
5.967012816	36.00001944	1.211384116
5.967008952	36.00001944	1.211384355
5.86568725	36.00001944	1.217395018
5.865683385	36.00001944	1.217395248
5.764346902	36.00001944	1.223159277
5.764343037	36.00001944	1.223159497
5.76433917	36.00001944	1.223159707
5.66298886	36.00001944	1.22867281
5.561624721	36.00001944	1.233929623
5.561620854	36.00001944	1.233929824
5.561616987	36.00001944	1.233930014
5.460239498	36.00001944	1.238921238
5.358849134	36.00001944	1.243640318
5.358845267	36.00001944	1.243640498
5.257442506	36.00001944	1.248083261
5.257438638	36.00001944	1.248083431
5.257434769	36.00001944	1.24808359
5.156019611	36.00001944	1.252243241
5.156015742	36.00001944	1.252243389
5.054589617	36.00001944	1.256113254
4.953152525	36.00001944	1.259686656
4.953148655	36.00001944	1.259686793
4.851701074	36.00001944	1.262954792
4.851697204	36.00001944	1.262954917
4.750240086	36.00001944	1.265910004
4.750236215	36.00001944	1.265910117
4.648770038	36.00001944	1.268543947
4.648766167	36.00001944	1.268544048
4.547291883	36.00001944	1.270848038
4.547288012	36.00001944	1.270848126
4.445638736	36.00001944	1.272816317
4.445634858	36.00001944	1.272816392
4.348820052	36.00001944	1.274368438
4.348816359	36.00001944	1.274368497
4.256607627	36.00001944	1.275541592
4.256604109	36.00001944	1.275541637
4.256600759	36.00001944	1.275541669
4.168779717	36.00001944	1.276377056
4.085138472	36.00001944	1.276915862
4.085135282	36.00001944	1.276915882
4.005475954	36.00001944	1.277180159
4.005472916	36.00001944	1.277180169
3.929606447	36.00001944	1.277211997
3.929603553	36.00001944	1.277211998
3.857349705	36.00001944	1.277030807
3.857346949	36.00001944	1.2770308
3.788534782	36.00001944	1.276662338
3.788532157	36.00001944	1.276662324
3.722997884	36.00001944	1.276133293
3.722995384	36.00001944	1.276133273
3.660583324	36.00001944	1.275462984
3.660580943	36.00001944	1.275462959
3.601142804	36.00001944	1.274674538
3.601140536	36.00001944	1.274674508
3.544534704	36.00001944	1.273776419
3.544532544	36.00001944	1.273776385
3.544530383	36.00001944	1.273776345
3.487886643	36.00001944	1.272736879
3.487884483	36.00001944	1.272736834
3.431243365	36.00001944	1.271551461
3.374605585	36.00001944	1.270219467
3.374603425	36.00001944	1.270219416
3.31796946	36.00001944	1.268734362
3.317967299	36.00001944	1.268734306
3.261337387	36.00001944	1.26710275
3.261335227	36.00001944	1.267102687
3.204710321	36.00001944	1.265311278
3.204708161	36.00001944	1.265311209
3.148088262	36.00001944	1.26335935
3.148086102	36.00001944	1.263359275
3.091472163	36.00001944	1.261242913
3.091470004	36.00001944	1.261242832
3.03486274	36.00001944	1.258959703
3.034860581	36.00001944	1.258959616
2.978260231	36.00001944	1.256506261
2.978258072	36.00001944	1.256506168
2.92166559	36.00001944	1.253879252
2.921663431	36.00001944	1.253879151
2.865079532	36.00001944	1.251074381
2.865077374	36.00001944	1.251074274
2.808502534	36.00001944	1.248087598
2.808500376	36.00001944	1.248087484
2.751936026	36.00001944	1.244913656
2.751933869	36.00001944	1.244913535
2.695380486	36.00001944	1.241548145
2.695378329	36.00001944	1.241548017
2.638837105	36.00001944	1.2379857
2.638834948	36.00001944	1.237985564
2.582297144	36.00001944	1.234359114
2.582294987	36.00001944	1.234358975
2.525782248	36.00001944	1.230362943
2.525780092	36.00001944	1.230362792
2.469278035	36.00001944	1.226218631
2.469275879	36.00001944	1.226218473
2.412784237	36.00001944	1.221927385
2.412782082	36.00001944	1.221927221
2.356308083	36.00001944	1.217405535
2.356305928	36.00001944	1.21740536
2.299854612	36.00001944	1.212603422
2.299852458	36.00001944	1.212603242
2.243417492	36.00001944	1.207610655
2.243415339	36.00001944	1.207610465
2.187007877	36.00001944	1.202310759
2.187005726	36.00001944	1.202310556
2.130613853	36.00001944	1.196844853
2.130611702	36.00001944	1.196844645
2.074246018	36.00001944	1.191107168
2.074243868	36.00001944	1.191106948
2.017875181	36.00001944	1.185373925
2.017873032	36.00001944	1.185373693
1.961597987	36.00001944	1.178789202
1.961595838	36.00001944	1.178788968
1.905393111	36.00001944	1.171609923
1.905390964	36.00001944	1.171609667
1.849185131	36.00001944	1.164484185
1.849182988	36.00001944	1.164483903
1.793038139	36.00001944	1.156898231
1.793035999	36.00001944	1.156897931
1.736895065	36.00001944	1.149294929
1.736892923	36.00001944	1.149294639
1.680797644	36.00001944	1.141361679
1.680795504	36.00001944	1.141361376
1.624749934	36.00001944	1.13308439
1.624747796	36.00001944	1.133084075
1.568756583	36.00001944	1.124447448
1.568754447	36.00001944	1.124447118
1.512822837	36.00001944	1.115432493
1.512820703	36.00001944	1.115432149
1.456954179	36.00001944	1.106022003
1.456952047	36.00001944	1.106021644
1.40115633	36.00001944	1.096201314
1.401154202	36.00001944	1.096200939
1.345423013	36.00001944	1.086018295
1.345420887	36.00001944	1.086017907
1.289719894	36.00001944	1.075656906
1.28971777	36.00001944	1.075656509
1.23398507	36.00001944	1.065397246
1.233982947	36.00001944	1.065396843
1.17820803	36.00001944	1.055226537
1.178205901	36.00001944	1.055226155
1.122391234	36.00001944	1.045065239
1.122389105	36.00001944	1.045064856
1.06653214	36.00001944	1.03485792
1.066530007	36.00001944	1.034857534
1.010797716	36.00001944	1.02386266
1.010795585	36.00001944	1.023862251
0.954731338	36.00001944	1.013843351
0.954729198	36.00001944	1.013842966
0.898686201	36.00001944	1.003270911
0.898684065	36.00001944	1.003270493
0.842432089	36.00001944	0.992900714
0.842429935	36.00001944	0.992900344
0.785836885	36.00001944	0.982993705
0.785834736	36.00001944	0.982993297
0.729553604	36.00001944	0.971268791
0.729551459	36.00001944	0.971268348
0.672570001	36.00001944	0.960727117
0.672567825	36.00001944	0.960726727
0.614879109	36.00001944	0.950930562
0.614876908	36.00001944	0.950930173
0.55576073	36.00001944	0.943285145
0.555758481	36.00001944	0.943284824
0.495936304	36.00001944	0.935186368
0.495934017	36.00001944	0.935186071
0.435596297	36.00001944	0.925600408
0.435593987	36.00001944	0.925600076
0.372718185	36.00001944	0.918223799
0.372715805	36.00001944	0.91822348
0.307195876	36.00001944	0.911845069
0.307193361	36.00001944	0.911844845
0.236741433	36.00001944	0.908713177
0.236738743	36.00001944	0.908713062
0.166859333	36.00001944	0.902610115
0.166856629	36.00001944	0.90260994
0.096821353	36.00001944	0.896490482
0.096818707	36.00001944	0.896490241
0.024373381	36.00001944	0.891261134
0.024370651	36.00001944	0.891260902
-0.048959278	36.00001944	0.884191111
-0.048962167	36.00001944	0.88419091
-0.12467963	36.00001944	0.874679654
-0.12468248	36.00001944	0.874679232
-0.194517137	36.00001944	0.853338576
-0.194519791	36.00001944	0.853337738
-0.262078259	36.00001944	0.824668648
-0.262080783	36.00001944	0.824667532
-0.327923193	36.00001944	0.78862532
-0.327925753	36.00001944	0.788623974
-0.393706583	36.00001944	0.745980932
-0.393709093	36.00001944	0.745979296
-0.462826203	36.00001944	0.697842005
-0.462828836	36.00001944	0.697840173
-0.518225131	36.00001944	0.636981673
-0.518227257	36.00001944	0.636979358
-0.567433706	36.00001944	0.568651687
-0.567433712	36.00001944	0.568651675
-0.670950073	36.00001944	0.509357363
-0.670950117	36.00001944	0.509357357
-1.133618818	36.00001944	0.446273635
-1.133636133	36.00001944	0.446271002
-1.133629028	36.00001944	0.446265862
-1.072956764	36.00001944	0.308795302
-0.841176659	36.00001944	0.219461502
-0.841176657	36.00001944	0.219461501
-0.786578489	36.00001944	0.211127404
-0.538294104	36.00001944	0.173228217
-0.453351836	36.00001944	0.161480723
-0.346381567	36.00001944	0.146686762
-0.247436258	36.00001944	0.117244065
-0.247436257	36.00001944	0.117244065
-0.232838772	36.00001944	0.111128656
-0.17809276	36.00001944	0.088193592
-0.178092759	36.00001944	0.088193591
-0.178075542	36.00001944	0.088184578
-0.122835818	36.00001944	0.059267967
-0.122833713	36.00001944	0.059266865
-0.093478654	36.00001944	0.018029709
-0.09347754	36.00001944	0.018028132
-0.093477225	36.00001944	0.018025918
-0.084824586	36.00001944	-0.039754383
-0.084824191	36.00001944	-0.039756773
-0.075043245	36.00001944	-0.103053981
-0.06106379	36.00001944	-0.170417111
-0.061063283	36.00001944	-0.1704197
-0.061062432	36.00001944	-0.170422211
-0.040943597	36.00001944	-0.24108603
-0.040943597	36.00001944	-0.24108603
-0.018477594	36.00001944	-0.318080214
0.010792289	36.00001944	-0.396464821
0.01079229	36.00001944	-0.396464824
0.043823291	36.00001944	-0.476210812
0.043823295	36.00001944	-0.476210821
0.078130557	36.00001944	-0.555949112
0.078130557	36.00001944	-0.555949112
0.079443813	36.00001944	-0.559430605
0.110265	36.00001944	-0.641138772
0.110265008	36.00001944	-0.641138789
0.110465426	36.00001944	-0.641585009
0.146453029	36.00001944	-0.721709861
0.146454486	36.00001944	-0.721712692
0.19406911	36.00001944	-0.78132312
0.194678419	36.00001944	-0.782085936
0.23602125	36.00001944	-0.81992045
0.248550913	36.00001944	-0.831386856
0.248550921	36.00001944	-0.831386863
0.301309618	36.00001944	-0.881871184
0.359750894	36.00001944	-0.919654445
0.359753145	36.00001944	-0.919656052
0.416549787	36.00001944	-0.958877436
0.416549804	36.00001944	-0.958877449
0.471540843	36.00001944	-1.000749961
0.471540907	36.00001944	-1.000750001
0.471540971	36.00001944	-1.000750044
0.529651925	36.00001944	-1.034744235
0.589541518	36.00001944	-1.063266559
0.589541559	36.00001944	-1.063266578
0.64763811	36.00001944	-1.094601596
0.647638134	36.00001944	-1.094601609
0.70494125	36.00001944	-1.126697499
0.704941302	36.00001944	-1.126697526
0.76125985	36.00001944	-1.149064144
0.765007296	36.00001944	-1.150552422
0.777585956	36.00001944	-1.155486206
0.824819673	36.00001944	-1.174012899
0.897839217	36.00001944	-1.159219901
0.8978416	36.00001944	-1.159220622
0.897847539	36.00001944	-1.159210998
1.048690884	36.00001944	-0.915883948
1.155948092	36.00001944	-0.786503931
1.155952643	36.00001944	-0.786497728
1.215269251	36.00001944	-0.795001993
1.215269254	36.00001944	-0.795001994
1.274547538	36.00001944	-0.802808434
1.274547545	36.00001944	-0.802808435
1.333312638	36.00001944	-0.811471791
1.333314858	36.00001944	-0.811472139
1.391785101	36.00001944	-0.819622377
1.392022716	36.00001944	-0.819655499
1.392022725	36.00001944	-0.8196555
1.392258895	36.00001944	-0.819689645
1.450445186	36.00001944	-0.828102045
1.450447398	36.00001944	-0.828102377
1.508402518	36.00001944	-0.837517844
1.508404723	36.00001944	-0.837518237
1.508406995	36.00001944	-0.837518376
1.567493933	36.00001944	-0.84241849
1.626233848	36.00001944	-0.847905915
1.626236102	36.00001944	-0.847906105
1.683307686	36.00001944	-0.858957269
1.683309872	36.00001944	-0.858957713
1.740924749	36.00001944	-0.867651525
1.740926959	36.00001944	-0.867651835
1.740929164	36.00001944	-0.867652132
1.798723055	36.00001944	-0.875253319
1.798725264	36.00001944	-0.875253582
1.856704578	36.00001944	-0.881686526
1.914328375	36.00001944	-0.889085823
1.914330564	36.00001944	-0.889086156
1.971517363	36.00001944	-0.897915463
1.97151956	36.00001944	-0.897915729
2.029674484	36.00001944	-0.902423128
2.029676701	36.00001944	-0.902423318
2.08693617	36.00001944	-0.910300245
2.086938336	36.00001944	-0.910300624
2.086940523	36.00001944	-0.910300926
2.143604928	36.00001944	-0.920481453
2.200367248	36.00001944	-0.928858985
2.200627828	36.00001944	-0.928897444
2.200890802	36.00001944	-0.928923117
2.258219135	36.00001944	-0.934519849
2.315044026	36.00001944	-0.943319346
2.31504621	36.00001944	-0.943319654
2.37191607	36.00001944	-0.951514756
2.371959532	36.00001944	-0.951521019
2.371959534	36.00001944	-0.951521019
2.37200301	36.00001944	-0.951527643
2.428737863	36.00001944	-0.960170782
2.428740041	36.00001944	-0.960171077
2.486066342	36.00001944	-0.966006167
2.486068525	36.00001944	-0.966006399
2.543346342	36.00001944	-0.971821723
2.543348526	36.00001944	-0.97182196
2.599635869	36.00001944	-0.982365283
2.599638028	36.00001944	-0.982365666
2.656495369	36.00001944	-0.989928241
2.656497537	36.00001944	-0.989928548
2.713803564	36.00001944	-0.994993106
2.713805757	36.00001944	-0.994993305
2.770683261	36.00001944	-1.002088277
2.770685431	36.00001944	-1.002088566
2.770687601	36.00001944	-1.002088863
2.8271808	36.00001944	-1.011096936
2.883997102	36.00001944	-1.018255145
2.883999275	36.00001944	-1.018255424
2.884001448	36.00001944	-1.018255698
2.940642074	36.00001944	-1.026257527
2.997442297	36.00001944	-1.033257179
2.997444463	36.00001944	-1.033257438
3.054428862	36.00001944	-1.039068416
3.054431027	36.00001944	-1.039068699
3.110898983	36.00001944	-1.047752095
3.110901139	36.00001944	-1.047752421
3.167522617	36.00001944	-1.055460455
3.167524787	36.00001944	-1.055460696
3.22474582	36.00001944	-1.059452196
3.224747996	36.00001944	-1.059452396
3.281414002	36.00001944	-1.066663672
3.281416166	36.00001944	-1.066663931
3.338117246	36.00001944	-1.073573487
3.338119405	36.00001944	-1.073573774
3.338121572	36.00001944	-1.073574013
3.394829943	36.00001944	-1.080365126
3.451468077	36.00001944	-1.087518282
3.451470238	36.00001944	-1.087518557
3.510862968	36.00001944	-1.095451038
3.510865236	36.00001944	-1.095451328
3.510867626	36.00001944	-1.095451569
3.573331157	36.00001944	-1.103059919
3.573333666	36.00001944	-1.103060168
3.639363458	36.00001944	-1.107932545
3.708087587	36.00001944	-1.117056792
3.70809021	36.00001944	-1.117057135
3.708092968	36.00001944	-1.117057458
3.780382264	36.00001944	-1.125672278
3.856418915	36.00001944	-1.133677077
3.856421813	36.00001944	-1.133677401
3.856424862	36.00001944	-1.133677695
3.936297675	36.00001944	-1.141682723
3.936300876	36.00001944	-1.141683027
4.020162887	36.00001944	-1.149967184
4.020166237	36.00001944	-1.14996758
4.108075755	36.00001944	-1.159648739
4.108079278	36.00001944	-1.159649111
4.200413714	36.00001944	-1.169462785
4.200417415	36.00001944	-1.169463154
4.297395978	36.00001944	-1.179422996
4.297399863	36.00001944	-1.179423385
4.399260362	36.00001944	-1.189457982
4.399264216	36.00001944	-1.189458337
4.500258365	36.00001944	-1.199062752
4.601306651	36.00001944	-1.208045707
4.601310503	36.00001944	-1.208046075
4.702238801	36.00001944	-1.217986998
4.702242653	36.00001944	-1.217987363
4.702246507	36.00001944	-1.217987695
4.803231429	36.00001944	-1.227314974
4.803235282	36.00001944	-1.227315323
4.904244196	36.00001944	-1.236315438
4.904248051	36.00001944	-1.236315753
5.005337156	36.00001944	-1.244420658
5.106370049	36.00001944	-1.252982722
5.106373903	36.00001944	-1.252983052
5.207393199	36.00001944	-1.261605378
5.207397052	36.00001944	-1.261605713
5.20740091	36.00001944	-1.261605995
5.308544641	36.00001944	-1.268807041
5.308548495	36.00001944	-1.268807363
5.40960483	36.00001944	-1.276856812
5.409608685	36.00001944	-1.276857122
5.510613954	36.00001944	-1.285441163
5.611660328	36.00001944	-1.293524324
5.611664185	36.00001944	-1.293524595
5.712833948	36.00001944	-1.300056984
5.712837805	36.00001944	-1.300057253
5.712841662	36.00001944	-1.300057537
5.813948891	36.00001944	-1.307274616
5.813952749	36.00001944	-1.307274882
5.915060111	36.00001944	-1.314437286
6.016233661	36.00001944	-1.320669562
6.016237519	36.00001944	-1.320669812
6.016241378	36.00001944	-1.320670062
6.117380937	36.00001944	-1.327295904
6.117384794	36.00001944	-1.327296169
6.21849829	36.00001944	-1.334247416
6.319636682	36.00001944	-1.340825052
6.319640541	36.00001944	-1.340825302
6.3196444	36.00001944	-1.340825537
6.420826618	36.00001944	-1.346713997
6.522002577	36.00001944	-1.352652164
6.522006437	36.00001944	-1.352652383
6.522010299	36.00001944	-1.352652576
6.623229602	36.00001944	-1.357852038
6.724403275	36.00001944	-1.363755469
6.724407134	36.00001944	-1.363755701
6.724410994	36.00001944	-1.363755925
6.825583856	36.00001944	-1.369663684
6.825587716	36.00001944	-1.369663897
6.926774031	36.00001944	-1.375333574
7.027969389	36.00001944	-1.380841552
7.02797325	36.00001944	-1.380841762
7.02797711	36.00001944	-1.380841965
7.129182851	36.00001944	-1.386159096
7.129186712	36.00001944	-1.386159292
7.230401606	36.00001944	-1.391296184
7.331625082	36.00001944	-1.39625427
7.331628944	36.00001944	-1.396254459
7.331632806	36.00001944	-1.396254641
7.432865342	36.00001944	-1.401035589
7.534105984	36.00001944	-1.405640709
7.534109846	36.00001944	-1.405640884
7.534113709	36.00001944	-1.405641054
7.635361503	36.00001944	-1.410078453
7.635365366	36.00001944	-1.410078615
7.736620789	36.00001944	-1.414343525
7.837882888	36.00001944	-1.418448819
7.837886751	36.00001944	-1.418448976
7.837890614	36.00001944	-1.418449126
7.939158912	36.00001944	-1.422387414
7.939162775	36.00001944	-1.422387559
8.040430547	36.00001944	-1.426355834
8.141705566	36.00001944	-1.430135966
8.141709429	36.00001944	-1.430136117
8.141713292	36.00001944	-1.430136258
8.242993103	36.00001944	-1.433808474
8.242996967	36.00001944	-1.433808595
8.344293469	36.00001944	-1.43697257
8.445590458	36.00001944	-1.440116157
8.445594322	36.00001944	-1.440116277
8.445598186	36.00001944	-1.440116411
8.546884048	36.00001944	-1.443620584
8.648189711	36.00001944	-1.446491365
8.648193575	36.00001944	-1.446491473
8.749505037	36.00001944	-1.449140826
8.749508902	36.00001944	-1.449140927
8.749512767	36.00001944	-1.449141019
8.850830838	36.00001944	-1.451533269
8.850834703	36.00001944	-1.451533361
8.952152466	36.00001944	-1.453934556
8.952156331	36.00001944	-1.453934646
9.05347496	36.00001944	-1.456286717
9.154801451	36.00001944	-1.458267896
9.154805317	36.00001944	-1.45826797
9.154809182	36.00001944	-1.458268047
9.256133007	36.00001944	-1.460326262
9.357461155	36.00001944	-1.462221791
9.35746502	36.00001944	-1.462221865
9.357468885	36.00001944	-1.462221935
9.458798119	36.00001944	-1.464036511
9.458801984	36.00001944	-1.464036576
9.560133091	36.00001944	-1.46572451
9.560136957	36.00001944	-1.465724569
9.661470488	36.00001944	-1.467258137
9.661474354	36.00001944	-1.467258192
9.762809165	36.00001944	-1.468707463
9.864145695	36.00001944	-1.470054111
9.86414956	36.00001944	-1.470054162
9.864153426	36.00001944	-1.470054206
9.965491908	36.00001944	-1.471198757
10.06683125	36.00001944	-1.472311772
10.06683512	36.00001944	-1.472311815
10.06683898	36.00001944	-1.472311853
10.16817928	36.00001944	-1.473313889
10.16818315	36.00001944	-1.473313923
10.2695244	36.00001944	-1.474203906
10.26952826	36.00001944	-1.474203936
10.37087047	36.00001944	-1.474987827
10.37087433	36.00001944	-1.474987852
10.47221654	36.00001944	-1.475661479
10.47222041	36.00001944	-1.4756615
10.57356452	36.00001944	-1.476233326
10.57356838	36.00001944	-1.476233344
10.6749125	36.00001944	-1.476697646
10.67491636	36.00001944	-1.47669766
10.77626047	36.00001944	-1.477062546
10.77626434	36.00001944	-1.477062556
10.8776094	36.00001944	-1.477324211
10.87761327	36.00001944	-1.477324217
10.97895834	36.00001944	-1.477487885
10.97896847	36.00001944	-1.477487892
11.08030727	36.00001944	-1.477552973
11.08031113	36.00001944	-1.477552972
11.1816562	36.00001944	-1.477521502
11.18166007	36.00001944	-1.477521497
11.28300513	36.00001944	-1.477395259
11.283009	36.00001944	-1.477395251
11.38435406	36.00001944	-1.477173649
11.38435793	36.00001944	-1.477173637
11.48570299	36.00001944	-1.476861202
11.48570686	36.00001944	-1.476861186
11.58705097	36.00001944	-1.476454698
11.58705484	36.00001944	-1.476454679
11.68839895	36.00001944	-1.475960932
11.68840282	36.00001944	-1.47596091
11.78974598	36.00001944	-1.475374542
11.78974984	36.00001944	-1.475374516
11.891093	36.00001944	-1.474703512
11.89109687	36.00001944	-1.474703483
11.99243907	36.00001944	-1.47394236
11.99244294	36.00001944	-1.473942328
12.09378419	36.00001944	-1.47309812
12.09378805	36.00001944	-1.473098084
12.1951293	36.00001944	-1.472166618
12.19513317	36.00001944	-1.472166579
12.29647347	36.00001944	-1.471153458
12.29647733	36.00001944	-1.471153416
12.39781572	36.00001944	-1.470055778
12.39781959	36.00001944	-1.470055733
12.49915798	36.00001944	-1.46887799
12.49916185	36.00001944	-1.468877941
12.60049928	36.00001944	-1.467617589
12.60050315	36.00001944	-1.467617538
12.70183963	36.00001944	-1.466279106
12.7018435	36.00001944	-1.466279052
12.80317903	36.00001944	-1.464859561
12.80318289	36.00001944	-1.464859504
12.90451651	36.00001944	-1.463363842
12.90452038	36.00001944	-1.463363782
13.005854	36.00001944	-1.461788371
13.00585787	36.00001944	-1.461788308
13.10718958	36.00001944	-1.460138871
13.10719345	36.00001944	-1.460138805
13.20852325	36.00001944	-1.458410812
13.20852712	36.00001944	-1.458410743
13.30985597	36.00001944	-1.456609916
13.30985984	36.00001944	-1.456609845
13.41118774	36.00001944	-1.454732846
13.4111916	36.00001944	-1.454732772
13.51251855	36.00001944	-1.452783296
13.51252242	36.00001944	-1.452783219
13.61384745	36.00001944	-1.450760075
13.61385132	36.00001944	-1.450759995
13.71517445	36.00001944	-1.448664613
13.71517832	36.00001944	-1.44866453
13.8165005	36.00001944	-1.446498341
13.81650436	36.00001944	-1.446498255
13.91782463	36.00001944	-1.44425649
13.9178285	36.00001944	-1.444256401
14.01914686	36.00001944	-1.441946451
14.01915073	36.00001944	-1.44194636
14.12046814	36.00001944	-1.439570012
14.120472	36.00001944	-1.439569919
14.2217875	36.00001944	-1.437121214
14.22179137	36.00001944	-1.437121118
14.32310592	36.00001944	-1.434601605
14.32310978	36.00001944	-1.434601506
14.42442147	36.00001944	-1.432017265
14.42442533	36.00001944	-1.432017164
14.52573607	36.00001944	-1.429363784
14.52573993	36.00001944	-1.42936368
14.62704876	36.00001944	-1.426639374
14.62705263	36.00001944	-1.426639267
14.72835859	36.00001944	-1.423851782
14.72836246	36.00001944	-1.423851673
14.82966747	36.00001944	-1.42099636
14.82967133	36.00001944	-1.420996249
14.93097444	36.00001944	-1.41807144
14.9309783	36.00001944	-1.418071326
15.0322795	36.00001944	-1.415084769
15.03228337	36.00001944	-1.415084652
15.13358266	36.00001944	-1.412029075
15.13359279	36.00001944	-1.412028763
15.23488391	36.00001944	-1.408907578
15.23488777	36.00001944	-1.408907457
15.33618229	36.00001944	-1.405725285
15.33618616	36.00001944	-1.40572516
15.43747973	36.00001944	-1.402470988
15.43748359	36.00001944	-1.402470862
15.5387743	36.00001944	-1.399155895
15.53877816	36.00001944	-1.399155767
15.64006696	36.00001944	-1.39577631
15.64007083	36.00001944	-1.395776179
15.74135677	36.00001944	-1.392329729
